Animtool fileformat 0.1

&Servo 2;
type=Servo, pin=2, minPulse=600, maxPulse=2400, minAngle=0, maxAngle=180, maxSpeed=0.2;
0.0, 36.899994, 0.0, 0.0   ;  0.56, 80.1, 0.0, 0.0   ;  1.0200016, 36.899994, 0.0, 0.0   ;  1.5400002, 62.100006, 0.0, 0.0   ;  2.1699998, 111.6, 0.0, 0.0   ;  2.84, 50.399994, 0.0, 0.0   ;  3.06, 106.20001, 0.0, 0.0   ;  3.23, 45.0, 0.0, 0.0   ;  3.51, 102.6, 0.0, 0.0   ;  3.7, 46.800003, 0.0, 0.0   ;  10.0, 100.8, 0.0, 0.0   

&Servo 3;
type=Servo, pin=3, minPulse=1000, maxPulse=2000, minAngle=0, maxAngle=180, maxSpeed=0.2;
0.0, 41.40001, 0.0, 0.0   ;  0.6999999, 125.42, 0.0, 0.0   ;  1.66, 30.600006, 0.0, 0.0   ;  2.9399998, 125.715, 0.0, 0.0   ;  4.0, 0.5, 0.0, 0.0   
 
&Servo 5;
type=Servo, pin=5, minPulse=1000, maxPulse=2000, minAngle=0, maxAngle=180, maxSpeed=0.2;
2.1699998, 111.6, 0.0, 0.0   ;  2.84, 50.399994, 0.0, 0.0   ;  3.06, 106.20001, 0.0, 0.0   ;  3.23, 45.0, 0.0, 0.0   ;  3.51, 102.6, 0.0, 0.0   ;  3.7, 46.800003, 0.0, 0.0   ;  10.0, 100.8, 0.0, 0.0 